[gd_scene load_steps=17 format=2]

[ext_resource path="res://Player.tscn" type="PackedScene" id=1]
[ext_resource path="res://Main.gd" type="Script" id=2]
[ext_resource path="res://World1.tscn" type="PackedScene" id=3]
[ext_resource path="res://icon.png" type="Texture" id=4]
[ext_resource path="res://Portal2.tscn" type="PackedScene" id=5]
[ext_resource path="res://MirrorATexture.tres" type="Material" id=6]
[ext_resource path="res://MirrorNew.gd" type="Script" id=7]
[ext_resource path="res://Camera.gd" type="Script" id=8]
[ext_resource path="res://MirrorB.tres" type="Material" id=9]

[sub_resource type="CubeMesh" id=1]
size = Vector3( 0.5, 0.5, 0.3 )

[sub_resource type="SpatialMaterial" id=2]
albedo_color = Color( 0.160784, 0.407843, 0.752941, 1 )

[sub_resource type="PlaneMesh" id=3]

[sub_resource type="CapsuleMesh" id=4]

[sub_resource type="CubeMesh" id=5]

[sub_resource type="CapsuleMesh" id=6]

[sub_resource type="CubeMesh" id=7]

[node name="Main" type="Spatial"]
script = ExtResource( 2 )

[node name="Player" parent="." instance=ExtResource( 1 )]
transform = Transform( 0.258954, 0, 0.96589, 0, 1, 0, -0.96589, 0, 0.258954, 1.92185, 9.07885, -0.626828 )

[node name="Camera" parent="Player/CameraAnchor" index="0"]
script = ExtResource( 8 )

[node name="World1" parent="." instance=ExtResource( 3 )]
transform = Transform( 0.2, 0, 0, 0, 0.2, 0, 0, 0, 0.2, 0, 0, 0 )

[node name="Control" type="Control" parent="."]
anchor_left = 0.5
anchor_top = 0.5
anchor_right = 0.5
anchor_bottom = 0.5
margin_left = -512.0
margin_top = -300.0
margin_right = 512.0
margin_bottom = 300.0
__meta__ = {
"_edit_use_anchors_": false
}

[node name="Sprite" type="Sprite" parent="Control"]
modulate = Color( 1, 1, 1, 0.0392157 )
position = Vector2( 500, 300 )
scale = Vector2( 0.5, 0.5 )
texture = ExtResource( 4 )

[node name="Portal2" parent="." instance=ExtResource( 5 )]
transform = Transform( 0.0182376, 0, 0.999834, 0, 1, 0, -0.999834, 0, 0.0182376, 0, 8.60397, 0 )
visible = false

[node name="MeshInstance2" type="MeshInstance" parent="."]
transform = Transform( 0.396603, 0, -0.91799, 0, 3.23085, 0, 0.91799, 0, 0.396603, -0.764653, 8.5695, 1.05819 )
mesh = SubResource( 1 )
material/0 = SubResource( 2 )

[node name="MeshInstance4" type="MeshInstance" parent="."]
transform = Transform( 0.396603, 0, -0.91799, 0, 2.24158, 0, 0.91799, 0, 0.396603, -3.30439, 7.9457, -2.86247 )
mesh = SubResource( 1 )
material/0 = SubResource( 2 )

[node name="MeshInstance3" type="MeshInstance" parent="."]
transform = Transform( 0.396603, 0, -0.91799, 0, 1, 0, 0.91799, 0, 0.396603, -1.5034, 7.9457, -0.70865 )
layers = 2
mesh = SubResource( 1 )
material/0 = SubResource( 2 )

[node name="PortalHolder" type="Spatial" parent="." groups=[
"mirrors",
]]
script = ExtResource( 7 )

[node name="Mirror" type="MeshInstance" parent="PortalHolder" groups=[
"mirrors",
]]
transform = Transform( -1.62921e-07, 1, 0, -1, -1.62921e-07, 0, 0, 0, 1, -0.924199, 8.70582, -0.00365591 )
mesh = SubResource( 3 )
material/0 = ExtResource( 6 )

[node name="DummyCam" type="Spatial" parent="PortalHolder/Mirror"]
transform = Transform( -4.21889e-08, -1, -1.57363e-07, -0.258954, 1.62921e-07, -0.96589, -0.96589, 0, 0.258954, -0.373029, -2.84605, -0.623172 )

[node name="MeshInstance2" type="MeshInstance" parent="PortalHolder/Mirror/DummyCam"]
transform = Transform( 0.112899, 5.7685e-08, -0.0652244, 1.10017e-08, 0.683651, 4.10359e-08, -0.0652244, 2.15163e-07, -0.112899, -1.47399, 1.90735e-06, -5.49794 )
layers = 2
mesh = SubResource( 4 )
material/0 = null

[node name="Viewport" type="Viewport" parent="PortalHolder/Mirror"]
size = Vector2( 1024, 600 )

[node name="Camera" type="Camera" parent="PortalHolder/Mirror/Viewport"]
transform = Transform( 0.258954, 0, 0.96589, 0, 1, 0, -0.96589, 0, 0.258954, 1.92185, 9.07885, -0.626828 )
cull_mask = 1048573
current = true

[node name="MeshInstance" type="MeshInstance" parent="PortalHolder/Mirror/Viewport/Camera"]
transform = Transform( 0.130386, 0, 0, 0, 0.683651, 0, 0, 0, 0.130386, 0, 0, 0 )
layers = 2
mesh = SubResource( 5 )
material/0 = null

[node name="Mirror2" type="MeshInstance" parent="PortalHolder" groups=[
"mirrors",
]]
transform = Transform( 9.88366e-09, -0.0606655, -0.998158, -1, -1.62921e-07, 1.42109e-14, -1.62621e-07, 0.998158, -0.0606655, 1.03677, 8.70582, -2.81596 )
mesh = SubResource( 3 )
material/0 = ExtResource( 9 )

[node name="DummyCam" type="Spatial" parent="PortalHolder/Mirror2"]
transform = Transform( 1.43276e-07, -1, 7.75566e-08, 0.879424, 1.62921e-07, 0.476039, 0.476039, 7.10543e-15, -0.879424, -0.37303, -1.42663, -1.59325 )

[node name="MeshInstance2" type="MeshInstance" parent="PortalHolder/Mirror2/DummyCam"]
transform = Transform( -0.350734, -3.55271e-15, -1.86265e-09, -7.10543e-15, -0.118099, -4.44089e-16, 0, -1.77636e-15, -0.0430299, 0, 0, 0 )
layers = 2
mesh = SubResource( 6 )
material/0 = null

[node name="Viewport" type="Viewport" parent="PortalHolder/Mirror2"]
size = Vector2( 1024, 600 )

[node name="Camera" type="Camera" parent="PortalHolder/Mirror2/Viewport"]
transform = Transform( 0.258954, 0, 0.96589, 0, 1, 0, -0.96589, 0, 0.258954, 1.92185, 9.07885, -0.626828 )
cull_mask = 1048573
current = true

[node name="MeshInstance" type="MeshInstance" parent="PortalHolder/Mirror2/Viewport/Camera"]
transform = Transform( 0.350734, 0, 0, 0, 0.118099, 0, 0, 0, 0.0430299, 0, 0, 0 )
layers = 2
mesh = SubResource( 7 )
material/0 = null
[connection signal="new_portal" from="Player" to="." method="_on_KinematicBody_new_portal"]

[editable path="Player"]
