[gd_scene load_steps=6 format=2]

[ext_resource path="res://Portal_B.tres" type="Material" id=1]
[ext_resource path="res://Portal_A.tres" type="Material" id=2]

[sub_resource type="PlaneMesh" id=1]

[sub_resource type="CubeMesh" id=2]

[sub_resource type="SpatialMaterial" id=3]
albedo_color = Color( 0.94902, 0.564706, 0.992157, 1 )

[node name="Portal2" type="Spatial"]

[node name="PortalA" type="MeshInstance" parent="."]
transform = Transform( 0.999998, -0.00130833, -0.00175474, -0.00175654, -0.00137068, -0.999997, 0.00130592, 0.999998, -0.00137298, 0, 0, 0 )
mesh = SubResource( 1 )
material/0 = ExtResource( 2 )

[node name="ViewportA" type="Viewport" parent="PortalA"]
size = Vector2( 500, 500 )

[node name="CameraB" type="Camera" parent="PortalA/ViewportA"]
transform = Transform( -0.999982, -0.00449512, -0.00396811, -0.00449388, 0.99999, -0.000320945, 0.00396951, -0.000303107, -0.999992, 0, 0, -2.05373 )
current = true

[node name="DummyCam_B" type="Spatial" parent="PortalA/ViewportA/CameraB"]
transform = Transform( 1, 7.96945e-11, 0, 7.98082e-11, 1, -2.91038e-11, 4.65661e-10, -2.91038e-11, 1, 0, 0, 0 )

[node name="PortalB" type="MeshInstance" parent="."]
transform = Transform( 0.5, -0.866025, 1.41093e-07, 0, -1.62921e-07, -1, 0.866025, 0.5, -8.14603e-08, 2.78824, 0, 1.22169 )
mesh = SubResource( 1 )
material/0 = ExtResource( 1 )

[node name="Viewport" type="Viewport" parent="PortalB"]
size = Vector2( 500, 500 )

[node name="CameraB" type="Camera" parent="PortalB/Viewport"]
transform = Transform( -0.405621, 0.000501859, 0.914041, -0.00475258, 0.999985, -0.00265808, -0.914029, -0.00542222, -0.405613, 4.98006, 1.19209e-07, 0.0881044 )
current = true

[node name="MeshInstance" type="MeshInstance" parent="."]
transform = Transform( 0.187609, 0, 0, 0, 0.283, 0, 0, 0, 0.283, 0, -0.466243, 2.56072 )
mesh = SubResource( 2 )
material/0 = SubResource( 3 )
